Itr: 0 | Loss: -7372.0 | Prefix Loss: 7372.0 | Suffix Loss: -0.58740234375 | Prefixes:!!lder | !! Tunis
Itr: 0 | Loss: -7372.0 | Prefix Loss: 7372.0 | Suffix Loss: -0.58740234375 | Prefixes:!!lder | !! Tunis
